======================================================================
GRID MODEL — levant_climate2.csv
======================================================================
PRE-CHECK C(15000) = 0.4989
PRE-CHECK C(13000) = 0.6052

t=  23000  F=    452.3  A=      0.0  share=0.000
t=  13000  F=  36016.9  A=      0.0  share=0.000

  Age BP         F         A   H_mean   d_mean   share   conv
------------------------------------------------------------------
   22000     805.9       0.0    0.102    0.109   0.000      0
   20000    2359.1       0.0    0.073    0.089   0.000      0
   18000    5362.1       0.0    0.085    0.077   0.000      0
   16000   12866.2       0.0    0.465    0.369   0.000      0
   15000   19863.0       0.0    0.326    0.366   0.000      0
   14000   27283.1       0.0    0.304    0.321   0.000      0
   13000   36016.9       0.0    0.497    0.383   0.000      0
   12500   24343.9   23632.1    0.457    0.425   0.493    598
   12000   20733.3   51616.4    0.693    0.505   0.713    752
   11500   17774.4   94890.7    0.837    0.675   0.842   1600
   11000   14495.1  155801.7    0.851    0.774   0.915   1600
   10000    8631.9  299979.9    0.867    0.839   0.972   1600
    9000    2467.3  384908.3    0.815    0.842   0.994   1600
    8000     323.7  360028.3    0.798    0.812   0.999   1600

MSE forager: 0.0242, farmer: 0.0089, total: 0.0331
MSE farmer share: 0.0201
First conversion: 12975 BP