======================================================================
GRID MODEL — levant_climate.csv
======================================================================
PRE-CHECK C(15000) = 0.9205
PRE-CHECK C(13000) = 0.7636

t=  23000  F=    350.3  A=      0.0  share=0.000
t=  13000  F=  50988.9  A=      0.0  share=0.000

  Age BP         F         A   H_mean   d_mean   share   conv
------------------------------------------------------------------
   22000     625.8       0.0    0.125    0.100   0.000      0
   20000    1950.9       0.0    0.126    0.153   0.000      0
   18000    5191.7       0.0    0.227    0.155   0.000      0
   16000   13800.5       0.0    0.590    0.413   0.000      0
   15000   22633.8       0.0    0.814    0.710   0.000      0
   14000   35339.1       0.0    0.828    0.815   0.000      0
   13000   50988.9       0.0    0.695    0.751   0.000      0
   12500   30214.9   39839.5    0.652    0.703   0.569    902
   12000   23302.9   84233.6    0.665    0.674   0.783   1276
   11500   18556.2  148087.7    0.704    0.682   0.889   1600
   11000   14421.8  231341.5    0.825    0.730   0.941   1600
   10000    7559.1  388112.0    0.879    0.837   0.981   1600
    9000     815.2  409009.7    0.896    0.875   0.998   1600

MSE forager: 0.0273, farmer: 0.0087, total: 0.0360
MSE farmer share: 0.0265
First conversion: 12975 BP